1	0.0485656042892	0.0485656042892	1
2	0.0485609501824	0.0485609501824	0.951434395711
3	0.0485516419689	0.0485516419689	0.902873445528
4	0.0485469878621	0.0485469878621	0.854321803559
5	0.0485330255417	0.0485330255417	0.805774815697
6	0.048528371435	0.048528371435	0.757241790156
7	0.0485237173282	0.0485237173282	0.708713418721
8	0.0485144091146	0.0485144091146	0.660189701393
9	0.0485097550078	0.0485097550078	0.611675292278
10	0.0484911385807	0.0484911385807	0.56316553727
11	0.0483887482314	0.0483887482314	0.514674398689
12	0.0482444709211	0.0482444709211	0.466285650458
13	0.0482398168144	0.0482398168144	0.418041179537
14	0.0482305086008	0.0482305086008	0.369801362722
15	0.0482072380669	0.0482072380669	0.321570854122
16	0.0481979298533	0.0481979298533	0.273363616055
17	0.0408258247077	0.0408258247077	0.225165686202
18	0.0201429741604	0.0201429741604	0.184339861494
19	0.0188956735423	0.0188956735423	0.164196887333
20	0.0185838483878	0.0185838483878	0.145301213791
21	0.0100016754784	0.0100016754784	0.126717365403
22	0.00959211408147	0.00959211408147	0.116715689925
23	0.00928028892695	0.00928028892695	0.107123575843
24	0.0075117283491	0.0075117283491	0.0978432869164
25	0.00687876982649	0.00687876982649	0.0903315585673
26	0.00672983840941	0.00672983840941	0.0834527887408
27	0.00646920842952	0.00646920842952	0.0767229503314
28	0.00618996202249	0.00618996202249	0.0702537419019
29	0.00557096582024	0.00557096582024	0.0640637798794
30	0.00504505175367	0.00504505175367	0.0584928140591
31	0.00475649713307	0.00475649713307	0.0534477623055
32	0.0047192642788	0.0047192642788	0.0486912651724
33	0.0046913396381	0.0046913396381	0.0439720008936
34	0.00371863132028	0.00371863132028	0.0392806612555
35	0.00353712115571	0.00353712115571	0.0355620299352
36	0.00322529600119	0.00322529600119	0.0320249087795
37	0.00274592300246	0.00274592300246	0.0287996127783
38	0.00261095390573	0.00261095390573	0.0260536897759
39	0.0022432794698	0.0022432794698	0.0234427358701
40	0.00211296447986	0.00211296447986	0.0211994564003
41	0.00185233449996	0.00185233449996	0.0190864919205
42	0.00180113932534	0.00180113932534	0.0172341574205
43	0.00174994415072	0.00174994415072	0.0154330180952
44	0.00144277310299	0.00144277310299	0.0136830739444
45	0.0010937150942	0.0010937150942	0.0122403008415
46	0.00097270831782	0.00097270831782	0.0111465857473
47	0.000763273512547	0.000763273512547	0.0101738774294
48	0.000735348871845	0.000735348871845	0.0094106039169
49	0.000674845483655	0.000674845483655	0.00867525504505
50	0.000651574949736	0.000651574949736	0.0080004095614
51	0.000549184600491	0.000549184600491	0.00734883461166
52	0.000521259959789	0.000521259959789	0.00679965001117
53	0.000516605853005	0.000516605853005	0.00627839005138
54	0.000418869610544	0.000418869610544	0.00576178419838
55	0.000386290863058	0.000386290863058	0.00534291458783
56	0.00037698264949	0.00037698264949	0.00495662372477
57	0.000363020329138	0.000363020329138	0.00457964107528
58	0.000353712115571	0.000353712115571	0.00421662074615
59	0.000330441581652	0.000330441581652	0.00386290863058
60	0.0003164792613	0.0003164792613	0.00353246704892
61	0.000307171047733	0.000307171047733	0.00321598778762
62	0.00027924640703	0.00027924640703	0.00290881673989
63	0.000265284086678	0.000265284086678	0.00262957033286
64	0.000260629979894	0.000260629979894	0.00236428624618
65	0.000246667659543	0.000246667659543	0.00210365626629
66	0.000242013552759	0.000242013552759	0.00185698860675
67	0.000223397125624	0.000223397125624	0.00161497505399
68	0.00021874301884	0.00021874301884	0.00139157792836
69	0.000130314989947	0.000130314989947	0.00117283490952
70	0.000116352669596	0.000116352669596	0.00104251991958
71	0.000111698562812	0.000111698562812	0.000926167249981
72	0.000107044456028	0.000107044456028	0.000814468687169
73	9.30821356765e-05	9.30821356765e-05	0.000707424231141
74	8.84280288927e-05	8.84280288927e-05	0.000614342095465
75	8.37739221089e-05	8.37739221089e-05	0.000525914066572
76	7.9119815325e-05	7.9119815325e-05	0.000442140144463
77	5.58492814059e-05	5.58492814059e-05	0.000363020329138
78	5.11951746221e-05	5.11951746221e-05	0.000307171047732
79	4.65410678383e-05	4.65410678383e-05	0.00025597587311
80	4.18869610544e-05	4.18869610544e-05	0.000209434805272
81	3.72328542706e-05	3.72328542706e-05	0.000167547844218
82	3.25787474868e-05	3.25787474868e-05	0.000130314989947
83	2.7924640703e-05	2.7924640703e-05	9.77362424603e-05
84	2.32705339191e-05	2.32705339191e-05	6.98116017573e-05
85	1.86164271353e-05	1.86164271353e-05	4.65410678382e-05
86	1.39623203515e-05	1.39623203515e-05	2.79246407029e-05
87	9.30821356765e-06	9.30821356765e-06	1.39623203514e-05
88	4.65410678383e-06	4.65410678383e-06	4.65410678375e-06
