70	Є	1	7.91640278657e-05
41	А	17	0.00134578847372
29	—	93	0.00736225459151
71	И	1	7.91640278657e-05
56	М	6	0.000474984167194
52	Р	8	0.000633312222926
72	Ф	1	7.91640278657e-05
64	«	2	0.000158328055731
73	Ь	1	7.91640278657e-05
2	а	792	0.0626979100697
14	д	299	0.0236700443319
4	и	590	0.0467067764408
65	»	2	0.000158328055731
15	м	257	0.0203451551615
38	?	26	0.00205826472451
7	р	490	0.0387903736542
51	ф	9	0.000712476250792
30	ш	77	0.00609563014566
24	ь	150	0.0118746041799
45	є	16	0.00126662444585
74	;	1	7.91640278657e-05
75	h	1	7.91640278657e-05
60	t	3	0.000237492083597
76	x	1	7.91640278657e-05
46	Д	16	0.00126662444585
66	Ї	2	0.000158328055731
54	Г	7	0.00055414819506
48	З	11	0.000870804306523
67	Л	2	0.000158328055731
42	П	17	0.00134578847372
61	У	3	0.000237492083597
57	Ч	6	0.000474984167194
49	Я	11	0.000870804306523
20	г	216	0.017099430019
19	з	218	0.0172577580747
10	л	380	0.030082330589
16	п	241	0.0190785307156
12	у	340	0.0269157694744
25	ч	132	0.0104496516783
21	я	197	0.0155953134896
34	ї	42	0.00332488917036
77	c	1	7.91640278657e-05
78	g	1	7.91640278657e-05
68	Ц	2	0.000158328055731
69	o	2	0.000158328055731
62	w	3	0.000237492083597
39	І	22	0.00174160861305
18	,	224	0.0177327422419
32	В	48	0.00379987333756
50	Ж	10	0.000791640278657
36	К	35	0.0027707409753
53	О	8	0.000633312222926
43	Т	17	0.00134578847372
63	…	3	0.000237492083597
79	*	1	7.91640278657e-05
17	.	238	0.018841038632
3	в	605	0.0478942368588
27	ж	119	0.00942051931602
13	к	300	0.0237492083597
1	о	874	0.0691893603547
9	т	419	0.0331697276757
33	ц	47	0.00372070930969
26	ю	130	0.0102913236225
6	і	563	0.0445693476884
80	:	1	7.91640278657e-05
81	r	1	7.91640278657e-05
82	v	1	7.91640278657e-05
58	Б	6	0.000474984167194
83	Й	1	7.91640278657e-05
84	Е	1	7.91640278657e-05
85	’	1	7.91640278657e-05
47	Н	16	0.00126662444585
44	С	17	0.00134578847372
55	Х	7	0.00055414819506
59	Щ	4	0.000316656111463
37	-	35	0.0027707409753
23	б	170	0.0134578847372
8	е	453	0.0358613046232
22	й	173	0.0136953768208
5	н	585	0.0463109563015
11	с	371	0.0293698543382
31	!	59	0.00467067764408
28	х	111	0.0087872070931
35	щ	41	0.0032457251425
86	a	1	7.91640278657e-05
40	'	22	0.00174160861305
87	u	1	7.91640278657e-05
88	y	1	7.91640278657e-05
