71	Є	11	5.7818051847e-05
69	Ї	19	9.98675440994e-05
56	І	143	0.000751634674011
52	-	164	0.000862014591174
55	Б	145	0.000762147047074
45	А	242	0.00127199714063
51	Г	180	0.000946113575679
36	В	531	0.00279103504825
62	Е	46	0.000241784580451
47	Д	214	0.00112482391775
41	З	389	0.00204465656077
70	Ж	17	8.93551710363e-05
68	Й	27	0.000141917036352
54	Л	152	0.000798940352795
42	К	338	0.00177659104766
37	Н	464	0.00243887055064
49	М	188	0.000988163067931
40	П	398	0.00209196223956
43	О	330	0.00173454155541
46	С	225	0.0011826419696
58	Р	113	0.000593949078065
57	У	119	0.000625486197254
39	Т	408	0.00214452410487
53	Х	160	0.000840989845048
63	Ф	44	0.000231272207388
59	Ч	100	0.000525618653155
61	Ц	77	0.000404726362929
60	Щ	89	0.000467800601308
67	Ш	34	0.000178710342073
64	«	40	0.000210247461262
72	­	8	4.20494922524e-05
18	,	3395	0.0178447532746
44	Я	255	0.00134032756554
16	.	3837	0.0201679877215
21	б	2431	0.0127777894582
2	а	12239	0.0643304669596
22	г	2355	0.0123783192818
5	в	7465	0.039237432458
7	е	6937	0.0364621659693
13	д	4432	0.0232954187078
19	з	2949	0.0155004940815
28	ж	1457	0.00765826377646
24	й	2085	0.0109591489183
3	и	9817	0.0515999831802
11	л	5577	0.0293137522864
14	к	4325	0.0227330067489
4	н	8398	0.0441414544919
15	м	4117	0.0216397199504
17	п	3425	0.0180024388706
1	о	13027	0.0684723419465
10	с	5622	0.0295502806804
9	р	6422	0.0337552299056
12	у	4855	0.0255187856107
8	т	6827	0.0358839854509
27	х	1883	0.0098973992389
48	ф	196	0.00103021256018
26	ч	1919	0.010086621954
31	ц	979	0.00514580661439
34	щ	670	0.00352164497614
30	ш	1184	0.00622332485335
23	ь	2275	0.0119578243593
20	я	2648	0.0139183819355
29	ю	1297	0.00681727393142
32	!	925	0.00486197254168
38	є	429	0.00225490402203
33	ї	894	0.0046990307592
6	і	7354	0.038653995753
77	X	1	5.25618653155e-06
78	[	1	5.25618653155e-06
79	]	1	5.25618653155e-06
66	»	39	0.00020499127473
65	:	40	0.000210247461262
74	I	4	2.10247461262e-05
50	'	181	0.00095136976221
80	…	1	5.25618653155e-06
73	"	6	3.15371191893e-05
75	)	2	1.05123730631e-05
35	?	633	0.00332716607447
76	(	2	1.05123730631e-05
25	—	2020	0.0106174967937
