1	0.115276294066	0.115276294066	1
2	0.115233131549	0.115233131549	0.884723705934
3	0.0810807894424	0.0810807894424	0.769490574385
4	0.0810646034983	0.0810646034983	0.688409784943
5	0.0779110420511	0.0779110420511	0.607345181444
6	0.0715553613242	0.0715553613242	0.529434139393
7	0.059798970574	0.059798970574	0.457878778069
8	0.0597962729166	0.0597962729166	0.398079807495
9	0.0480344868516	0.0480344868516	0.338283534579
10	0.0466317050274	0.0466317050274	0.290249047727
11	0.0452936669796	0.0452936669796	0.2436173427
12	0.0426958229474	0.0426958229474	0.19832367572
13	0.0177317017902	0.0177317017902	0.155627852773
14	0.0146266981753	0.0146266981753	0.137896150982
15	0.0112762077412	0.0112762077412	0.123269452807
16	0.0109416982293	0.0109416982293	0.111993245066
17	0.00952542811822	0.00952542811822	0.101051546837
18	0.00853808552653	0.00853808552653	0.0915261187185
19	0.00805790251745	0.00805790251745	0.082988033192
20	0.00630712289448	0.00630712289448	0.0749301306745
21	0.00587549771778	0.00587549771778	0.06862300778
22	0.00584852114424	0.00584852114424	0.0627475100623
23	0.00554908117791	0.00554908117791	0.056898988918
24	0.0044619252641	0.0044619252641	0.0513499077401
25	0.0044322510332	0.0044322510332	0.046887982476
26	0.00403839305947	0.00403839305947	0.0424557314428
27	0.00378481326816	0.00378481326816	0.0384173383833
28	0.00372546480636	0.00372546480636	0.0346325251152
29	0.00351504753272	0.00351504753272	0.0309070603088
30	0.00301058560746	0.00301058560746	0.0273920127761
31	0.00288109805445	0.00288109805445	0.0243814271686
32	0.00282714490736	0.00282714490736	0.0215003291142
33	0.00271114564113	0.00271114564113	0.0186731842068
34	0.00269226203964	0.00269226203964	0.0159620385657
35	0.00168333818912	0.00168333818912	0.0132697765261
36	0.00163208269938	0.00163208269938	0.0115864383369
37	0.00135422399189	0.00135422399189	0.00995435563756
38	0.000863250353393	0.000863250353393	0.00860013164568
39	0.00083627377985	0.00083627377985	0.00773688129229
40	0.000709483884195	0.000709483884195	0.00690060751244
41	0.000598879932666	0.000598879932666	0.00619112362824
42	0.000569205701769	0.000569205701769	0.00559224369557
43	0.000477485351721	0.000477485351721	0.00502303799381
44	0.000431625176697	0.000431625176697	0.00454555264209
45	0.000393857973736	0.000393857973736	0.00411392746539
46	0.000326416539877	0.000326416539877	0.00372006949165
47	0.000323718882522	0.000323718882522	0.00339365295178
48	0.000310230595751	0.000310230595751	0.00306993406925
49	0.000269765735435	0.000269765735435	0.0027597034735
50	0.000258975106018	0.000258975106018	0.00248993773807
51	0.000191533672159	0.000191533672159	0.00223096263205
52	0.000188836014805	0.000188836014805	0.00203942895989
53	0.00016725475597	0.00016725475597	0.00185059294509
54	0.000164557098616	0.000164557098616	0.00168333818912
55	0.000156464126553	0.000156464126553	0.0015187810905
56	0.000153766469198	0.000153766469198	0.00136231696395
57	0.000129487553009	0.000129487553009	0.00120855049475
58	0.000113301608883	0.000113301608883	0.00107906294174
59	0.000110603951528	0.000110603951528	0.000965761332859
60	8.90226926937e-05	8.90226926937e-05	0.00085515738133
61	8.63250353393e-05	8.63250353393e-05	0.000766134688636
62	8.3627377985e-05	8.3627377985e-05	0.000679809653297
63	8.09297206306e-05	8.09297206306e-05	0.000596182275312
64	7.82320632763e-05	7.82320632763e-05	0.000515252554682
65	7.28367485675e-05	7.28367485675e-05	0.000437020491405
66	5.93484617958e-05	5.93484617958e-05	0.000364183742838
67	4.85578323784e-05	4.85578323784e-05	0.000304835281042
68	4.5860175024e-05	4.5860175024e-05	0.000256277448664
69	3.23718882522e-05	3.23718882522e-05	0.00021041727364
70	2.96742308979e-05	2.96742308979e-05	0.000178045385387
71	2.69765735435e-05	2.69765735435e-05	0.00014837115449
72	2.42789161892e-05	2.42789161892e-05	0.000121394580946
73	2.15812588348e-05	2.15812588348e-05	9.71156647568e-05
74	1.88836014805e-05	1.88836014805e-05	7.5534405922e-05
75	1.61859441261e-05	1.61859441261e-05	5.66508044415e-05
76	1.34882867718e-05	1.34882867718e-05	4.04648603154e-05
77	1.07906294174e-05	1.07906294174e-05	2.69765735436e-05
78	8.09297206306e-06	8.09297206306e-06	1.61859441262e-05
79	5.39531470871e-06	5.39531470871e-06	8.09297206312e-06
80	2.69765735435e-06	2.69765735435e-06	2.69765735441e-06
